data1 = [
 [3.65, 2.10], [1.75, 1.95], [3.50, 2.30], [2.05, 1.60], [1.90, 1.80],
 [3.60, 1.50], [3.70, 2.00], [1.80, 1.40], [2.90, 1.15], [2.00, 1.30],
 [2.85, 1.05], [2.65, 1.25], [2.75, 1.15], [1.65, 1.80], [1.55, 2.00],
 [3.25, 1.50], [2.60, 1.00], [3.35, 1.50], [2.30, 1.40], [3.05, 1.30]
]

target1 = [
 4.50, 0.80, 4.30, 1.90, 1.20,
 4.90, 4.70, 1.50, 3.80, 1.90,
 3.60, 3.20, 3.40, 0.80, 0.50,
 4.10, 3.10, 4.50, 2.50, 3.90
]

data2 = [
 [1.55, 2.60], [2.10, 2.60], [2.35, 2.35], [2.45, 2.20], [1.85, 2.45],
 [0.55, 1.70], [1.30, 2.50], [0.60, 1.70], [0.80, 2.30], [1.00, 2.50],
 [2.40, 2.30], [2.70, 1.80], [0.90, 2.25], [0.55, 1.80], [2.10, 2.50],
 [2.55, 1.75], [1.90, 2.60], [2.40, 2.00], [1.00, 2.30], [1.30, 2.60]
]

target2 = [
 8.80, 9.80, 9.70, 9.60, 8.40,
 5.80, 8.50, 5.80, 8.50, 8.90,
 9.90, 8.50, 8.20, 6.30, 9.40,
 7.80, 9.20, 8.50, 8.30, 8.80
]
